## install.packages(c("exactRankTests"))
## R CMD BATCH --no-restore --no-save label_classification_monks2_neuron_vs_weight-centric_percentageUnlabeled_wilcoxon.r

a <- c(49.77777778, 49.77777778, 50.66666667, 51.55555556, 50.66666667, 51.11111111, 45.33333333, 49.33333333, 50.66666667, 49.33333333, 52, 53.33333333, 48.44444444, 44.88888889, 45.77777778, 49.33333333, 49.77777778, 51.11111111, 48.88888889, 49.33333333, 50.66666667, 51.11111111, 51.11111111, 49.77777778, 49.77777778, 51.11111111, 51.55555556, 50.66666667, 49.33333333, 48)
b <- c(0, 0, 0, 0, 0, 0, 0, 0, 0, 0, 0, 0, 0, 0, 0, 0, 0, 0, 0, 0, 0, 0, 0, 0, 0, 0, 0, 0, 0, 0)

wilcox.test (a, b, alternative="two.sided", paired=TRUE, conf.level=0.95)