## install.packages(c("exactRankTests"))
## R CMD BATCH --no-restore --no-save label_classification_monks2_k-means_vs_weight-centric_percentageUnlabeled_wilcoxon.r

a <- c(8.64197530864197, 7.71604938271605, 0, 7.40740740740741, 8.33333333333333, 7.40740740740741, 0, 0, 4.62962962962963, 0, 12.037037037037, 5.24691358024691, 7.40740740740741, 5.55555555555556, 9.87654320987654, 12.3456790123457, 0, 4.62962962962963, 9.25925925925926, 9.87654320987654, 4.01234567901235, 9.5679012345679, 7.71604938271605, 0, 0, 6.48148148148148, 9.25925925925926, 12.037037037037, 3.7037037037037, 9.87654320987654)
b <- c(0, 0, 0, 0, 0, 0, 0, 0, 0, 0, 0, 0, 0, 0, 0, 0, 0, 0, 0, 0, 0, 0, 0, 0, 0, 0, 0, 0, 0, 0)

wilcox.test (a, b, alternative="two.sided", paired=TRUE, conf.level=0.95)