## install.packages(c("exactRankTests"))
## R CMD BATCH --no-restore --no-save label_classification_monks2_ward_vs_weight-centric_percentageUnlabeled_wilcoxon.r

a <- c(10.8033241, 4.432132964, 10.24930748, 8.033240997, 4.709141274, 4.986149584, 7.756232687, 3.601108033, 12.46537396, 14.68144044, 4.986149584, 12.46537396, 7.202216066, 9.695290859, 4.709141274, 4.709141274, 5.540166205, 4.155124654, 10.8033241, 4.986149584, 1.385041551, 12.46537396, 5.540166205, 7.479224377, 3.601108033, 5.817174515, 10.52631579, 1.662049861, 6.094182825, 2.770083102)
b <- c(0, 0, 0, 0, 0, 0, 0, 0, 0, 0, 0, 0, 0, 0, 0, 0, 0, 0, 0, 0, 0, 0, 0, 0, 0, 0, 0, 0, 0, 0)

wilcox.test (a, b, alternative="two.sided", paired=TRUE, conf.level=0.95)