## install.packages(c("exactRankTests"))
## R CMD BATCH --no-restore --no-save label_classification_pima_neuron_vs_ward_trainingError_wilcoxon.r

a <- c(19.38088829, 19.9192463, 20.1884253, 22.34185734, 21.93808883, 21.39973082, 20.72678331, 20.45760431, 20.1884253, 20.45760431, 20.1884253, 20.99596231, 20.1884253, 22.07267833, 22.07267833, 19.51547779, 20.1884253, 19.9192463, 19.51547779, 21.53432032, 18.16958277, 21.39973082, 20.1884253, 20.86137281, 20.86137281, 21.26514132, 20.99596231, 20.0538358, 19.11170929, 21.53432032)
b <- c(23.82234186, 26.5141319, 26.3795424, 26.6487214, 24.49528937, 25.70659489, 23.68775236, 25.84118439, 24.62987887, 25.16823688, 23.82234186, 26.11036339, 24.09152086, 27.86002692, 27.18707941, 26.3795424, 23.01480485, 25.57200538, 25.43741588, 26.11036339, 27.59084791, 25.03364738, 25.84118439, 23.55316285, 24.49528937, 23.82234186, 26.11036339, 24.62987887, 23.55316285, 25.16823688)

wilcox.test (a, b, alternative="two.sided", paired=TRUE, conf.level=0.95)