## install.packages(c("exactRankTests"))
## R CMD BATCH --no-restore --no-save label_classification_pima_k-means_vs_ward_trainingError_wilcoxon.r

a <- c(25.03364738, 22.34185734, 22.88021534, 25.16823688, 22.74562584, 23.41857335, 24.76446837, 23.28398385, 22.61103634, 23.01480485, 22.61103634, 24.62987887, 25.30282638, 24.49528937, 23.68775236, 23.68775236, 24.76446837, 24.49528937, 23.68775236, 24.89905787, 23.14939435, 24.09152086, 23.95693136, 23.82234186, 25.57200538, 26.7833109, 23.01480485, 25.43741588, 24.89905787, 23.14939435)
b <- c(23.82234186, 26.5141319, 26.3795424, 26.6487214, 24.49528937, 25.70659489, 23.68775236, 25.84118439, 24.62987887, 25.16823688, 23.82234186, 26.11036339, 24.09152086, 27.86002692, 27.18707941, 26.3795424, 23.01480485, 25.57200538, 25.43741588, 26.11036339, 27.59084791, 25.03364738, 25.84118439, 23.55316285, 24.49528937, 23.82234186, 26.11036339, 24.62987887, 23.55316285, 25.16823688)

wilcox.test (a, b, alternative="two.sided", paired=TRUE, conf.level=0.95)