## install.packages(c("exactRankTests"))
## R CMD BATCH --no-restore --no-save label_classification_iris_k-means_vs_weight-centric_trainingError_wilcoxon.r

a <- c(33.79310345, 33.10344828, 17.93103448, 12.4137931, 32.4137931, 33.79310345, 24.82758621, 18.62068966, 35.17241379, 34.48275862, 33.10344828, 35.17241379, 10.34482759, 8.965517241, 14.48275862, 33.10344828, 33.79310345, 34.48275862, 13.79310345, 33.10344828, 8.275862069, 15.86206897, 17.24137931, 9.655172414, 34.48275862, 13.10344828, 33.10344828, 25.51724138, 33.79310345, 33.79310345)
b <- c(2.06896551724138, 2.75862068965517, 3.44827586206896, 2.75862068965517, 2.75862068965517, 2.75862068965517, 1.37931034482759, 2.06896551724138, 3.44827586206896, 2.06896551724138, 0.68965517241379, 2.06896551724138, 2.75862068965517, 3.44827586206896, 2.06896551724138, 2.75862068965517, 2.75862068965517, 4.13793103448276, 2.75862068965517, 2.75862068965517, 2.75862068965517, 2.75862068965517, 2.75862068965517, 2.06896551724138, 1.37931034482759, 2.75862068965517, 2.75862068965517, 2.75862068965517, 3.44827586206896, 2.06896551724138)

wilcox.test (a, b, alternative="two.sided", paired=TRUE, conf.level=0.95)