## install.packages(c("exactRankTests"))
## R CMD BATCH --no-restore --no-save label_classification_iris_k-means_vs_ward_trainingError_wilcoxon.r

a <- c(33.79310345, 33.10344828, 17.93103448, 12.4137931, 32.4137931, 33.79310345, 24.82758621, 18.62068966, 35.17241379, 34.48275862, 33.10344828, 35.17241379, 10.34482759, 8.965517241, 14.48275862, 33.10344828, 33.79310345, 34.48275862, 13.79310345, 33.10344828, 8.275862069, 15.86206897, 17.24137931, 9.655172414, 34.48275862, 13.10344828, 33.10344828, 25.51724138, 33.79310345, 33.79310345)
b <- c(12.4137931, 6.896551724, 20, 24.13793103, 23.44827586, 31.03448276, 8.275862069, 33.10344828, 7.586206897, 13.79310345, 33.10344828, 17.93103448, 14.48275862, 17.24137931, 7.586206897, 7.586206897, 18.62068966, 11.03448276, 6.896551724, 13.10344828, 9.655172414, 25.51724138, 6.206896552, 23.44827586, 7.586206897, 22.75862069, 4.137931034, 24.82758621, 27.5862069, 29.65517241)

wilcox.test (a, b, alternative="two.sided", paired=TRUE, conf.level=0.95)