## install.packages(c("exactRankTests"))
## R CMD BATCH --no-restore --no-save label_classification_iris_ward_vs_weight-centric_trainingError_wilcoxon.r

a <- c(12.4137931, 6.896551724, 20, 24.13793103, 23.44827586, 31.03448276, 8.275862069, 33.10344828, 7.586206897, 13.79310345, 33.10344828, 17.93103448, 14.48275862, 17.24137931, 7.586206897, 7.586206897, 18.62068966, 11.03448276, 6.896551724, 13.10344828, 9.655172414, 25.51724138, 6.206896552, 23.44827586, 7.586206897, 22.75862069, 4.137931034, 24.82758621, 27.5862069, 29.65517241)
b <- c(2.06896551724138, 2.75862068965517, 3.44827586206896, 2.75862068965517, 2.75862068965517, 2.75862068965517, 1.37931034482759, 2.06896551724138, 3.44827586206896, 2.06896551724138, 0.68965517241379, 2.06896551724138, 2.75862068965517, 3.44827586206896, 2.06896551724138, 2.75862068965517, 2.75862068965517, 4.13793103448276, 2.75862068965517, 2.75862068965517, 2.75862068965517, 2.75862068965517, 2.75862068965517, 2.06896551724138, 1.37931034482759, 2.75862068965517, 2.75862068965517, 2.75862068965517, 3.44827586206896, 2.06896551724138)

wilcox.test (a, b, alternative="two.sided", paired=TRUE, conf.level=0.95)