a <- c(0.0, 7.837037037037038, 24.16477702191987, 0.8854166666666666, 2.589531680440772, 38.62847222222222, 14.475308641975309, 0.0, 0.27210884353741494, 20.323176361957522, 40.93866666666667, 4.95069033530572, 1.9666666666666666, 24.53168044077136, 16.015625, 0.0, 0.0, 11.810841983852363, 29.584120982986757, 2.2038567493112953, 5.9523809523809526, 40.83333333333333, 19.45, 0.5442176870748299, 0.0, 29.156378600823043, 32.32000000000001, 4.328703703703704, 1.3991769547325108, 35.743801652892564, 11.570370370370371, 0.0, 0.0, 10.846354166666666, 39.52479338842976, 1.4814814814814823, 8.067061143984223, 60.29866666666667, 17.18374884579871, 0.0, 0.7291666666666666, 19.3, 59.437585733882045, 5.527210884353741, 2.865013774104683, 56.376811594202884, 12.39907727797001, 0.0, 0.0, 26.197916666666668, 28.027725267800875, 54.96666666666667, 4.55621301775148, 35.414201183431956, 24.45, 0.13605442176870747, 0.0, 38.03497942386832, 37.01967592592592, 3.726851851851852, 1.399176954732511, 27.089947089947096, 8.014814814814816, 0.0, 0.0, 8.325925925925928, 22.773998488284203, 1.6460905349794246, 7.1296296296296315, 29.826388888888903, 18.611111111111107, 0.0, 0.27210884353741494, 20.041666666666668, 35.394477317554234, 6.224489795918369, 2.0, 65.8979206049149, 14.256055363321797, 0.0, 0.0, 45.92848904267589, 29.71064814814815, 10.771349862258953, 13.027210884353739, 37.983539094650205, 23.733938019652303, 0.8333333333333334, 0.0, 30.101569713758078, 48.40533333333334, 5.029585798816568, 1.8, 25.59228650137741, 9.934895833333334, 0.0, 0.0, 7.777777777777778, 30.6473829201102, 1.4403292181069967, 3.0324074074074066, 33.946666666666665, 49.22437673130194, 0.1851851851851852, 0.625, 67.60833333333333, 35.1232741617357, 24.52380952380953, 2.56198347107438, 27.737870195337106, 12.237600922722033, 0.0, 0.0, 10.416666666666666, 35.916824196597354, 1.8, 4.714003944773174, 46.213017751479285, 17.15604801477378, 0.34013605442176864, 0.0, 14.93827160493827, 30.202546296296298, 4.166666666666667, 0.7291666666666666, 58.835978835978835, 15.777777777777779, 0.0, 0.0, 7.362962962962964, 45.66137566137564, 1.2757201646090541, 3.263888888888889, 30.769675925925924, 13.930041152263373, 0.0, 0.6122448979591835, 18.84579870729455, 35.522682445759365, 4.575936883629192, 2.1, 27.725267800882158, 11.380208333333334, 0.0, 0.0, 12.191464821222604, 28.22936357908002, 2.2038567493112953, 6.751700680272109, 85.41380887059901, 32.675, 0.8333333333333334, 0.0, 46.68513388734996, 33.15733333333333, 16.574074074074076, 1.358024691358025, 24.97933884297521, 11.9921875, 0.0, 0.0, 10.130208333333334, 26.150137741046827, 2.033333333333333, 4.7534516765285995, 45.69066666666666, 27.340720221606652, 0.20408163265306117, 1.1458333333333333, 22.30536659108088, 69.70736168267032, 6.19047619047619, 2.506887052341599, 33.52430555555556, 14.11522633744856, 0.0, 0.0, 55.77854671280277, 27.80088216761184, 7.933333333333334, 13.061224489795917, 35.23668639053255, 20.016666666666666, 0.06802721088435373, 0.0, 32.23251028806583, 34.35733333333334, 3.078703703703703, 1.0699588477366258, 23.45427059712774, 8.251851851851852, 0.0, 0.0, 10.814814814814813, 21.791383219954646, 1.152263374485597, 3.356481481481482, 47.806712962962955, 15.298353909465021, 0.0, 0.27210884353741494, 19.125, 48.21499013806705, 4.8520710059171615, 2.533333333333333, 33.345935727788266, 11.418685121107265, 0.0, 0.0, 44.35986159169551, 54.49074074074074, 3.1680440771349874, 6.802721088435375, 37.43941472336533, 74.41666666666667, 0.6770833333333334, 0.0, 17.534626038781163, 33.77066666666667, 26.90335305719922, 1.9333333333333333, 47.871900826446264, 9.661458333333334, 0.0, 0.0, 47.940740740740736, 25.117079889807155, 0.9876543209876545, 3.9583333333333344, 52.666666666666664, 16.537396121883656, 0.0, 0.6770833333333334, 21.675, 35.004930966469416, 67.49999999999999, 2.7272727272727275, 27.347195967233766, 26.113033448673583, 0.0, 0.0, 9.856770833333334, 32.64462809917355, 2.066666666666667, 4.299802761341224, 72.4457593688363, 17.026777469990773, 0.20408163265306117, 0.0, 17.26337448559671, 29.861111111111104, 2.617079889807164, 2.0833333333333335, 48.813303099017375, 8.311111111111112, 0.0, 0.0, 50.044444444444444, 21.89720332577475, 0.625, 8.310185185185185, 29.994212962962955, 15.15432098765432, 0.0, 0.27210884353741494, 28.32871652816252, 39.48717948717949, 4.950690335305721, 1.8, 26.088154269972453, 10.377604166666666, 0.0, 0.0, 12.79123414071511, 27.832388153749203, 3.608815426997246, 6.411564625850342, 45.01479289940827, 22.9, 0.9895833333333334, 0.0, 16.897506925207757, 35.99466666666667, 2.9629629629629632, 1.6049382716049387, 48.67768595041321, 7.718518518518518, 0.0, 0.0, 9.921875, 25.289256198347104, 1.8333333333333333, 4.65483234714004, 41.413333333333334, 16.971375807940902, 0.2777777777777778, 0.78125, 22.464096749811027, 37.80978509373571, 7.074829931972788, 3.333333333333334, 31.417824074074076, 31.25720876585928, 0.0, 0.0, 12.364475201845444, 60.48519218651541, 1.7666666666666666, 4.950690335305721, 37.96351084812624, 19.875, 2.5850340136054424, 0.0925925925925926, 20.853909465020575, 30.098379629629623, 29.467592592592595, 1.2757201646090541, 45.200302343159485, 8.370370370370368, 0.0, 0.0, 7.733333333333333, 24.240362811791382, 1.2345679012345678, 3.148148148148148, 81.71199999999999, 14.465020576131685, 0.0, 0.0, 30.416666666666668, 48.8412228796844, 7.023809523809522, 2.9201101928374666, 27.013232514177687, 12.329873125720873, 0.0, 0.0, 44.42386831275721, 32.45949074074075, 2.6446280991735542, 25.64625850340136, 40.12802926383174, 22.03325774754346, 0.9895833333333334, 0.27210884353741494, 27.497691597414597, 32.43733333333333, 34.73372781065089, 1.9666666666666666, 24.979338842975203, 26.1328125, 0.0, 0.0, 42.786458333333336, 25.957300275482087, 2.098765432098766, 3.055555555555554, 32.63999999999999, 19.196675900277008, 0.0925925925925926, 0.6770833333333334, 20.158333333333335, 39.711934156378604, 5.357142857142857, 2.506887052341598, 32.551984877126635, 11.93771626297578, 0.0, 0.0, 11.302083333333334, 27.624448645242587, 1.6666666666666667, 5.6804733727810675, 74.53648915187374, 55.81666666666667, 0.0, 0.0, 14.938271604938278, 50.97800925925925, 3.657407407407408, 1.1111111111111114, 23.39380196523053, 7.274074074074074, 0.0, 0.0, 38.37037037037037, 22.35827664399093, 1.1458333333333333, 3.7037037037037037, 29.317129629629633, 45.98765432098765, 0.0, 0.27210884353741494, 17.68236380424746, 36.43984220907298, 8.934911242603551, 1.5, 30.025204788909882, 9.557291666666666, 0.0, 0.0, 16.424452133794695, 29.111531190926268, 2.396694214876033, 6.853741496598638, 51.5138067061144, 20.091666666666665, 1.25, 0.0, 16.832871652816248, 36.336, 3.425925925925926, 1.2345679012345685, 44.207988980716244, 10.46875, 0.0, 0.0, 9.4140625, 37.99586776859504, 1.5, 4.339250493096648, 33.08799999999999, 17.16528162511542, 0.4761904761904761, 0.5729166666666666, 25.336356764928194, 38.0246913580247, 6.479591836734694, 10.110192837465567, 69.97685185185183, 17.92387543252595, 0.0, 0.0, 17.220299884659745, 27.712665406427213, 1.9333333333333333, 6.411564625850341, 48.98422090729784, 19.25, 0.06802721088435373, 0.0, 36.79012345679012, 53.344, 4.328703703703704, 1.604938271604939, 22.00302343159486, 8.45925925925926, 0.0, 0.0, 8.148148148148149, 29.138321995464853, 1.3168724279835402, 3.449074074074075, 47.447916666666664, 13.796296296296298, 0.0, 0.20408163265306117, 20.325, 35.72978303747534, 16.58777120315582, 1.7666666666666666, 63.44045368620036, 13.875432525951554, 0.0, 0.0, 11.30334486735871, 49.64120370370369, 3.1955922865013777, 5.78231292517007, 39.954275262917236, 20.841666666666665, 0.8854166666666666, 0.0, 80.4432132963989, 32.410666666666664, 4.398422090729783, 2.304526748971194, 25.888429752066124, 10.533854166666666, 0.0, 0.0, 35.94074074074074, 24.53168044077135, 17.65432098765432, 4.537037037037038, 32.12266666666667, 18.024691358024693, 0.0, 1.1458333333333333, 45.875, 57.381656804733744, 6.003401360544218, 