## install.packages(c("exactRankTests"))
## R CMD BATCH --no-restore --no-save label_classification_monks3_neuron_vs_ward_percentageUnlabeled_wilcoxon.r

a <- c(33.88429752, 31.40495868, 25.61983471, 32.23140496, 23.96694215, 35.53719008, 30.5785124, 33.05785124, 38.01652893, 32.23140496, 42.97520661, 30.5785124, 29.75206612, 28.92561983, 28.09917355, 33.05785124, 32.23140496, 28.09917355, 38.01652893, 32.23140496, 39.66942149, 31.40495868, 47.9338843, 27.27272727, 36.36363636, 30.5785124, 33.05785124, 33.05785124, 31.40495868, 29.75206612)
b <- c(7.03125, 3.125, 7.03125, 7.03125, 5.078125, 10.9375, 8.984375, 7.8125, 8.203125, 5.859375, 1.171875, 0.78125, 5.078125, 14.0625, 8.203125, 3.125, 7.421875, 8.203125, 4.296875, 10.546875, 5.859375, 12.109375, 3.125, 8.984375, 8.59375, 2.34375, 7.8125, 2.734375, 4.6875, 12.890625)

wilcox.test (a, b, alternative="two.sided", paired=TRUE, conf.level=0.95)