## install.packages(c("exactRankTests"))
## R CMD BATCH --no-restore --no-save label_classification_monks3_k-means_vs_weight-centric_percentageUnlabeled_wilcoxon.r

a <- c(0, 1.730103806, 4.498269896, 0, 3.460207612, 2.76816609, 0.692041522, 0, 4.498269896, 1.038062284, 3.460207612, 2.422145329, 1.384083045, 0.692041522, 2.076124567, 0.692041522, 0, 1.384083045, 1.730103806, 6.574394464, 5.190311419, 1.038062284, 4.844290657, 0.692041522, 4.152249135, 1.730103806, 0.692041522, 2.422145329, 3.114186851, 1.038062284)
b <- c(0, 0, 0, 0, 0, 0, 0, 0, 0, 0, 0, 0, 0, 0, 0, 0, 0, 0, 0, 0, 0, 0, 0, 0, 0, 0, 0, 0, 0, 0)

wilcox.test (a, b, alternative="two.sided", paired=TRUE, conf.level=0.95)