## install.packages(c("exactRankTests"))
## R CMD BATCH --no-restore --no-save label_classification_monks3_k-means_vs_neuron_percentageUnlabeled_wilcoxon.r

a <- c(0, 1.730103806, 4.498269896, 0, 3.460207612, 2.76816609, 0.692041522, 0, 4.498269896, 1.038062284, 3.460207612, 2.422145329, 1.384083045, 0.692041522, 2.076124567, 0.692041522, 0, 1.384083045, 1.730103806, 6.574394464, 5.190311419, 1.038062284, 4.844290657, 0.692041522, 4.152249135, 1.730103806, 0.692041522, 2.422145329, 3.114186851, 1.038062284)
b <- c(33.88429752, 31.40495868, 25.61983471, 32.23140496, 23.96694215, 35.53719008, 30.5785124, 33.05785124, 38.01652893, 32.23140496, 42.97520661, 30.5785124, 29.75206612, 28.92561983, 28.09917355, 33.05785124, 32.23140496, 28.09917355, 38.01652893, 32.23140496, 39.66942149, 31.40495868, 47.9338843, 27.27272727, 36.36363636, 30.5785124, 33.05785124, 33.05785124, 31.40495868, 29.75206612)

wilcox.test (a, b, alternative="two.sided", paired=TRUE, conf.level=0.95)