## install.packages(c("exactRankTests"))
## R CMD BATCH --no-restore --no-save label_classification_monks1_neuron_vs_weight-centric_trainingMisclassifiedError_wilcoxon.r

a <- c(17.70334928, 17.22488038, 17.94258373, 16.74641148, 18.89952153, 17.70334928, 20.81339713, 18.18181818, 19.13875598, 17.94258373, 17.70334928, 19.37799043, 18.42105263, 21.05263158, 18.18181818, 17.22488038, 17.46411483, 17.46411483, 18.89952153, 18.89952153, 18.66028708, 17.46411483, 18.42105263, 18.18181818, 16.26794258, 16.50717703, 17.22488038, 17.22488038, 18.66028708, 18.18181818)
b <- c(22.96650718, 28.70813397, 30.14354067, 31.81818182, 28.22966507, 30.62200957, 27.99043062, 30.86124402, 27.51196172, 29.42583732, 27.03349282, 28.46889952, 25.11961722, 26.79425837, 26.55502392, 32.29665072, 26.55502392, 29.66507177, 26.07655502, 24.16267943, 26.55502392, 23.20574163, 30.62200957, 31.33971292, 27.99043062, 28.46889952, 29.90430622, 26.79425837, 27.03349282, 26.31578947)

wilcox.test (a, b, alternative="two.sided", paired=TRUE, conf.level=0.95)