## install.packages(c("exactRankTests"))
## R CMD BATCH --no-restore --no-save label_classification_monks1_k-means_vs_neuron_trainingMisclassifiedError_wilcoxon.r

a <- c(29.42583732, 27.27272727, 22.72727273, 27.99043062, 28.94736842, 26.79425837, 24.88038278, 27.51196172, 25.83732057, 21.53110048, 25.59808612, 27.99043062, 23.68421053, 28.22966507, 27.51196172, 27.75119617, 29.90430622, 30.38277512, 20.81339713, 27.99043062, 28.46889952, 31.81818182, 28.22966507, 29.90430622, 25.11961722, 22.00956938, 27.03349282, 26.07655502, 22.48803828, 25.35885167)
b <- c(17.70334928, 17.22488038, 17.94258373, 16.74641148, 18.89952153, 17.70334928, 20.81339713, 18.18181818, 19.13875598, 17.94258373, 17.70334928, 19.37799043, 18.42105263, 21.05263158, 18.18181818, 17.22488038, 17.46411483, 17.46411483, 18.89952153, 18.89952153, 18.66028708, 17.46411483, 18.42105263, 18.18181818, 16.26794258, 16.50717703, 17.22488038, 17.22488038, 18.66028708, 18.18181818)

wilcox.test (a, b, alternative="two.sided", paired=TRUE, conf.level=0.95)