## install.packages(c("exactRankTests"))
## R CMD BATCH --no-restore --no-save label_classification_ionosphere_k-means_vs_ward_trainingError_wilcoxon.r

a <- c(7.0588235294, 9.1176470588, 7.0588235294, 6.1764705882, 9.7058823529, 6.7647058824, 8.5294117647, 7.0588235294, 8.8235294118, 8.5294117647, 10.2941176471, 9.1176470588, 10.2941176471, 5.8823529412, 7.6470588235, 6.1764705882, 6.1764705882, 8.8235294118, 8.2352941176, 8.5294117647, 8.8235294118, 10.2941176471, 9.1176470588, 7.6470588235, 6.1764705882, 7.0588235294, 7.9411764706, 5.8823529412, 6.1764705882, 8.2352941176)
b <- c()

wilcox.test (a, b, alternative="two.sided", paired=TRUE, conf.level=0.95)