## install.packages(c("exactRankTests"))
## R CMD BATCH --no-restore --no-save label_classification_monks3_k-means_vs_weight-centric_trainingMisclassifiedError_wilcoxon.r

a <- c(29.42583732, 27.75119617, 27.51196172, 28.70813397, 22.72727273, 27.51196172, 26.79425837, 22.72727273, 26.55502392, 26.55502392, 29.18660287, 27.99043062, 27.75119617, 25.83732057, 27.03349282, 30.14354067, 27.03349282, 28.46889952, 29.42583732, 25.59808612, 26.55502392, 28.46889952, 24.16267943, 28.94736842, 22.48803828, 26.31578947, 25.83732057, 21.77033493, 26.31578947, 22.96650718)
b <- c(18.89952153, 22.00956938, 19.61722488, 19.37799043, 17.22488038, 18.66028708, 20.09569378, 21.53110048, 20.33492823, 18.66028708, 19.85645933, 20.57416268, 19.13875598, 21.53110048, 22.00956938, 17.70334928, 15.55023923, 22.24880383, 18.89952153, 18.66028708, 20.81339713, 18.89952153, 18.66028708, 20.57416268, 17.46411483, 18.66028708, 23.20574163, 19.85645933, 18.18181818, 24.16267943)

wilcox.test (a, b, alternative="two.sided", paired=TRUE, conf.level=0.95)