## install.packages(c("exactRankTests"))
## R CMD BATCH --no-restore --no-save label_classification_monks3_ward_vs_weight-centric_trainingMisclassifiedError_wilcoxon.r

a <- c(27.27272727, 27.51196172, 25.11961722, 25.35885167, 23.44497608, 22.48803828, 25.35885167, 25.59808612, 26.31578947, 25.11961722, 22.48803828, 24.16267943, 22.48803828, 24.88038278, 24.40191388, 23.68421053, 26.31578947, 25.11961722, 23.20574163, 26.79425837, 26.31578947, 25.59808612, 27.03349282, 24.40191388, 25.59808612, 24.16267943, 23.92344498, 23.20574163, 26.55502392, 26.07655502)
b <- c(18.89952153, 22.00956938, 19.61722488, 19.37799043, 17.22488038, 18.66028708, 20.09569378, 21.53110048, 20.33492823, 18.66028708, 19.85645933, 20.57416268, 19.13875598, 21.53110048, 22.00956938, 17.70334928, 15.55023923, 22.24880383, 18.89952153, 18.66028708, 20.81339713, 18.89952153, 18.66028708, 20.57416268, 17.46411483, 18.66028708, 23.20574163, 19.85645933, 18.18181818, 24.16267943)

wilcox.test (a, b, alternative="two.sided", paired=TRUE, conf.level=0.95)