## install.packages(c("exactRankTests"))
## R CMD BATCH --no-restore --no-save label_classification_monks3_k-means_vs_ward_trainingMisclassifiedError_wilcoxon.r

a <- c(29.42583732, 27.75119617, 27.51196172, 28.70813397, 22.72727273, 27.51196172, 26.79425837, 22.72727273, 26.55502392, 26.55502392, 29.18660287, 27.99043062, 27.75119617, 25.83732057, 27.03349282, 30.14354067, 27.03349282, 28.46889952, 29.42583732, 25.59808612, 26.55502392, 28.46889952, 24.16267943, 28.94736842, 22.48803828, 26.31578947, 25.83732057, 21.77033493, 26.31578947, 22.96650718)
b <- c(27.27272727, 27.51196172, 25.11961722, 25.35885167, 23.44497608, 22.48803828, 25.35885167, 25.59808612, 26.31578947, 25.11961722, 22.48803828, 24.16267943, 22.48803828, 24.88038278, 24.40191388, 23.68421053, 26.31578947, 25.11961722, 23.20574163, 26.79425837, 26.31578947, 25.59808612, 27.03349282, 24.40191388, 25.59808612, 24.16267943, 23.92344498, 23.20574163, 26.55502392, 26.07655502)

wilcox.test (a, b, alternative="two.sided", paired=TRUE, conf.level=0.95)