## install.packages(c("exactRankTests"))
## R CMD BATCH --no-restore --no-save label_classification_monks3_neuron_vs_ward_trainingMisclassifiedError_wilcoxon.r

a <- c(22.48803828, 25.83732057, 24.64114833, 23.92344498, 22.72727273, 22.00956938, 21.77033493, 24.40191388, 22.48803828, 23.68421053, 23.44497608, 26.07655502, 23.44497608, 20.81339713, 23.20574163, 27.75119617, 23.92344498, 22.48803828, 27.27272727, 24.88038278, 23.68421053, 22.96650718, 22.72727273, 24.40191388, 21.77033493, 26.07655502, 22.48803828, 27.75119617, 22.72727273, 22.96650718)
b <- c(27.27272727, 27.51196172, 25.11961722, 25.35885167, 23.44497608, 22.48803828, 25.35885167, 25.59808612, 26.31578947, 25.11961722, 22.48803828, 24.16267943, 22.48803828, 24.88038278, 24.40191388, 23.68421053, 26.31578947, 25.11961722, 23.20574163, 26.79425837, 26.31578947, 25.59808612, 27.03349282, 24.40191388, 25.59808612, 24.16267943, 23.92344498, 23.20574163, 26.55502392, 26.07655502)

wilcox.test (a, b, alternative="two.sided", paired=TRUE, conf.level=0.95)