## install.packages(c("exactRankTests"))
## R CMD BATCH --no-restore --no-save label_classification_monks2_neuron_vs_ward_trainingError_wilcoxon.r

a <- c(15.07177033, 16.50717703, 15.55023923, 16.02870813, 14.83253589, 15.31100478, 14.59330144, 15.31100478, 15.78947368, 14.83253589, 16.50717703, 16.98564593, 16.26794258, 16.50717703, 16.02870813, 15.07177033, 15.78947368, 16.26794258, 16.02870813, 15.78947368, 16.26794258, 14.59330144, 16.26794258, 15.78947368, 15.78947368, 16.50717703, 15.55023923, 15.07177033, 15.31100478, 16.74641148)
b <- c(21.29186603, 22.48803828, 21.29186603, 20.81339713, 21.29186603, 24.88038278, 18.89952153, 22.48803828, 24.64114833, 20.57416268, 22.96650718, 22.48803828, 20.33492823, 22.48803828, 23.20574163, 21.29186603, 21.53110048, 21.29186603, 22.96650718, 22.48803828, 27.27272727, 20.33492823, 24.16267943, 20.33492823, 23.20574163, 23.92344498, 22.00956938, 25.59808612, 23.92344498, 21.53110048)

wilcox.test (a, b, alternative="two.sided", paired=TRUE, conf.level=0.95)