a <- c(0.0, 34.51790633608815, 30.234375, 40.68027210884354, 35.761316872427976, 30.648148148148145, 41.893491124260365, 37.083333333333336, 42.0, 39.829931972789126, 44.506001846722064, 23.433333333333334, 30.78125, 48.99653979238755, 11.643518518518515, 55.555555555555586, 38.125, 42.7810650887574, 29.80392156862745, 36.458333333333336, 35.63333333333333, 36.454293628808855, 42.35555555555555, 17.12962962962963, 39.86666666666667, 17.023809523809522, 47.078189300411516, 28.18930041152263, 21.088435374149658, 46.263020833333336, 34.166666666666664, 55.555555555555586, 55.555555555555586, 26.018518518518515, 47.682291666666664, 35.238095238095234, 11.8, 65.8264081255771, 34.06462585034013, 33.46666666666667, 33.51851851851852, 47.288888888888884, 55.1, 32.42424242424242, 38.28125, 46.516724336793544, 41.005917159763314, 36.25, 55.555555555555586, 32.407407407407405, 42.69896193771626, 35.833333333333336, 31.733333333333334, 47.313019390581715, 26.888888888888893, 40.0925925925926, 32.666666666666664, 46.61564625850338, 40.08230452674897, 39.506172839506185, 38.23129251700682, 21.809895833333332, 33.58126721763086, 28.333333333333332, 38.333333333333336, 30.82644628099173, 42.591145833333336, 7.687074829931972, 30.329218106995896, 48.35390946502057, 27.24489795918367, 40.0, 20.925925925925924, 44.87407407407407, 36.454293628808855, 35.43333333333333, 35.989583333333336, 63.80622837370243, 41.42011834319528, 37.083333333333336, 37.291666666666664, 38.77712031558186, 49.609053497942384, 33.90946502057614, 7.1900826446281, 39.00833333333333, 33.777777777777786, 42.87037037037037, 32.13333333333333, 45.01700680272109, 47.06371191135734, 32.233333333333334, 40.408163265306136, 41.575520833333336, 37.592592592592595, 55.555555555555586, 55.555555555555586, 38.03240740740741, 24.609375, 38.707482993197296, 37.48971193415638, 32.829218106995896, 52.39795918367348, 2.1333333333333333, 39.537037037037045, 60.66666666666666, 45.5, 32.36914600550965, 27.03125, 45.84775086505191, 37.573964497041416, 37.083333333333336, 53.703703703703724, 38.07870370370371, 35.01730103806229, 36.5625, 35.833333333333336, 36.13111726685134, 49.52592592592592, 37.87037037037037, 36.041666666666664, 37.39644970414202, 43.93004115226337, 21.76954732510288, 31.08843537414966, 59.21875, 10.192837465564738, 33.333333333333336, 26.666666666666668, 35.37190082644629, 36.223958333333336, 38.57142857142858, 39.91769547325102, 38.73456790123456, 40.00000000000001, 35.416666666666664, 39.166666666666664, 28.96296296296297, 48.928901200369346, 30.466666666666665, 15.677083333333334, 43.95617070357556, 32.84722222222222, 55.555555555555586, 38.75, 40.6508875739645, 38.37370242214534, 39.010416666666664, 35.151515151515156, 78.84166666666667, 45.777777777777764, 39.62962962962963, 42.53333333333333, 40.25510204081632, 39.612188365650965, 11.166666666666666, 34.353741496598644, 51.171875, 19.23611111111111, 55.555555555555586, 55.555555555555586, 37.26851851851851, 46.943483275663205, 28.645833333333332, 28.7, 47.15604801477377, 19.608843537414966, 33.733333333333334, 9.814814814814813, 43.037037037037045, 74.19166666666666, 36.91460055096419, 34.609053497942384, 29.979423868312765, 42.16962524654833, 36.041666666666664, 37.083333333333336, 34.69428007889545, 47.18569780853518, 27.96875, 25.033333333333335, 41.54201292705448, 38.37037037037037, 44.444444444444436, 34.93333333333333, 47.31292517006803, 29.711934156378607, 34.5679012345679, 41.15646258503403, 35.182291666666664, 34.820936639118464, 31.666666666666668, 23.333333333333332, 12.038567493112948, 49.114583333333336, 33.80952380952381, 25.802469135802465, 46.46090534979424, 39.77891156462586, 41.06666666666667, 36.388888888888886, 49.80740740740742, 34.30286241920591, 33.86666666666667, 33.645833333333336, 33.391003460207614, 36.75925925925927, 19.999999999999993, 37.916666666666664, 49.15187376725839, 43.16872427983538, 19.05349794238683, 27.658402203856745, 41.69166666666667, 62.25185185185186, 40.27777777777778, 12.4, 41.666666666666664, 34.59833795013851, 35.666666666666664, 39.72789115646258, 36.236979166666664, 39.16666666666666, 55.555555555555586, 55.18518518518521, 45.995370370370374, 39.934895833333336, 41.02040816326532, 33.7037037037037, 26.152263374485596, 45.10204081632652, 36.13333333333333, 43.42592592592593, 36.162962962962965, 39.49166666666667, 60.165289256198356, 34.583333333333336, 52.6643598615917, 32.761341222879686, 40.416666666666664, 55.555555555555586, 38.33333333333333, 26.5513264129181, 35.208333333333336, 36.2, 68.7719298245614, 43.96258503401361, 31.466666666666665, 35.833333333333336, 21.301775147928993, 48.15843621399176, 29.917695473251037, 1.6326530612244896, 49.518229166666664, 28.154269972451793, 0.0, 25.0, 33.388429752066116, 51.015625, 37.00680272108844, 9.176954732510287, 41.04938271604938, 34.181459566074956, 36.875, 34.13333333333333, 45.7312925170068, 30.184672206832868, 32.5, 39.739583333333336, 39.896193771626294, 37.33796296296296, 54.81481481481485, 35.625, 34.81262327416174, 41.36101499423299, 11.510416666666666, 32.45179063360881, 46.43333333333333, 27.48148148148148, 38.98148148148148, 25.333333333333332, 44.21768707482993, 36.74897119341564, 35.1440329218107, 36.326530612244895, 52.5, 38.65740740740741, 54.81481481481485, 49.259259259259274, 36.71296296296296, 36.015625, 39.79591836734696, 35.3, 32.61311172668513, 46.59863945578231, 36.8, 41.48148148148148, 37.85185185185185, 41.266666666666666, 19.14600550964188, 26.50205761316872, 45.83333333333334, 11.499013806706113, 37.916666666666664, 37.708333333333336, 42.07100591715975, 51.24567474048442, 38.177083333333336, 34.8, 32.32686980609418, 42.148148148148145, 0.5555555555555556, 36.666666666666664, 16.71768707482993, 46.04938271604939, 30.699588477366248, 26.59863945578231, 50.3515625, 32.72727272727273, 23.333333333333332, 55.555555555555586, 38.84259259259258, 30.3515625, 41.768707482993214, 38.68312757201646, 76.29629629629632, 44.08163265306123, 24.0, 40.74074074074075, 21.155555555555562, 46.70360110803324, 31.133333333333333, 25.78125, 42.31833910034603, 36.19329388560157, 35.208333333333336, 6.458333333333333, 42.14990138067062, 33.02469135802469, 35.30864197530864, 40.192837465564736, 32.45, 49.081481481481475, 36.01851851851851, 38.13333333333333, 41.03741496598639, 45.669436749769154, 27.966666666666665, 32.708333333333336, 51.430219146482116, 17.037037037037038, 55.555555555555586, 55.555555555555586, 35.04629629629629, 43.7109375, 3.877551020408164, 32.233333333333334, 46.28808864265928, 25.17006802721089, 37.86666666666667, 32.68518518518518, 46.97777777777777, 37.083333333333336, 35.096418732782375, 37.1875, 23.82929642445213, 41.89349112426035, 37.083333333333336, 55.555555555555586, 25.625000000000004, 51.84544405997693, 34.6875, 10.066666666666666, 71.72668513388736, 36.77037037037038, 40.555555555555564, 36.25, 41.715976331360956, 46.24485596707818, 35.1440329218107, 41.49659863945579, 38.294270833333336, 33.388429752066116, 33.333333333333336, 30.0, 38.181818181818194, 46.497395833333336, 25.23809523809524, 28.600823045267486, 45.617283950617285, 54.20118343195266, 37.916666666666664, 14.629629629629624, 44.93333333333332, 34.99538319482918, 37.46666666666667, 37.65625, 30.126874279123417, 38.28703703703704, 55.555555555555586, 37.916666666666664, 20.01972386587772, 49.22722029988466, 33.697916666666664, 27.107438016528928, 51.78333333333333, 42.77037037037037, 44.35185185185186, 31.866666666666667, 45.85034013605443, 29.629629629629626, 33.29218106995884, 40.40816326530614, 32.838541666666664, 37.49999999999999, 31.851851851851844, 55.555555555555586, 37.75462962962964, 33.52941176470588, 35.208333333333336, 35.8, 37.894736842105274, 45.35714285714286, 29.2, 40.18518518518518, 24.28148148148149, 45.641666666666666, 32.75482093663911, 11.522633744855968, 67.94238683127571, 30.295857988165686, 35.625, 36.25, 41.794871794871796, 41.372549019607845, 37.03125, 31.966666666666665, 34.38596491228069, 47.31851851851851, 