## install.packages(c("exactRankTests"))
## R CMD BATCH --no-restore --no-save label_classification_monks1_neuron_vs_ward_trainingError_wilcoxon.r

a <- c(17.70334928, 17.22488038, 17.94258373, 16.74641148, 18.89952153, 17.70334928, 20.81339713, 18.18181818, 19.13875598, 17.94258373, 17.70334928, 19.37799043, 18.42105263, 21.05263158, 18.18181818, 17.22488038, 17.46411483, 17.46411483, 18.89952153, 18.89952153, 18.66028708, 17.46411483, 18.42105263, 18.18181818, 16.26794258, 16.50717703, 17.22488038, 17.22488038, 18.66028708, 18.18181818)
b <- c(27.03349282, 23.20574163, 20.57416268, 28.46889952, 25.83732057, 23.68421053, 24.88038278, 24.16267943, 26.07655502, 24.88038278, 25.11961722, 25.59808612, 25.59808612, 25.59808612, 25.35885167, 25.83732057, 26.31578947, 22.72727273, 26.55502392, 23.20574163, 27.51196172, 21.77033493, 26.55502392, 23.20574163, 25.11961722, 20.57416268, 25.11961722, 22.96650718, 24.88038278, 27.03349282)

wilcox.test (a, b, alternative="two.sided", paired=TRUE, conf.level=0.95)