## install.packages(c("exactRankTests"))
## R CMD BATCH --no-restore --no-save label_classification_monks1_k-means_vs_ward_trainingError_wilcoxon.r

a <- c(29.42583732, 27.27272727, 22.72727273, 27.99043062, 28.94736842, 26.79425837, 24.88038278, 27.51196172, 25.83732057, 21.53110048, 25.59808612, 27.99043062, 23.68421053, 28.22966507, 27.51196172, 27.75119617, 29.90430622, 30.38277512, 20.81339713, 27.99043062, 28.46889952, 31.81818182, 28.22966507, 29.90430622, 25.11961722, 22.00956938, 27.03349282, 26.07655502, 22.48803828, 25.35885167)
b <- c(27.03349282, 23.20574163, 20.57416268, 28.46889952, 25.83732057, 23.68421053, 24.88038278, 24.16267943, 26.07655502, 24.88038278, 25.11961722, 25.59808612, 25.59808612, 25.59808612, 25.35885167, 25.83732057, 26.31578947, 22.72727273, 26.55502392, 23.20574163, 27.51196172, 21.77033493, 26.55502392, 23.20574163, 25.11961722, 20.57416268, 25.11961722, 22.96650718, 24.88038278, 27.03349282)

wilcox.test (a, b, alternative="two.sided", paired=TRUE, conf.level=0.95)