## install.packages(c("exactRankTests"))
## R CMD BATCH --no-restore --no-save label_classification_monks1_k-means_vs_weight-centric_trainingError_wilcoxon.r

a <- c(29.42583732, 27.27272727, 22.72727273, 27.99043062, 28.94736842, 26.79425837, 24.88038278, 27.51196172, 25.83732057, 21.53110048, 25.59808612, 27.99043062, 23.68421053, 28.22966507, 27.51196172, 27.75119617, 29.90430622, 30.38277512, 20.81339713, 27.99043062, 28.46889952, 31.81818182, 28.22966507, 29.90430622, 25.11961722, 22.00956938, 27.03349282, 26.07655502, 22.48803828, 25.35885167)
b <- c(22.96650718, 28.70813397, 30.14354067, 31.81818182, 28.22966507, 30.62200957, 27.99043062, 30.86124402, 27.51196172, 29.42583732, 27.03349282, 28.46889952, 25.11961722, 26.79425837, 26.55502392, 32.29665072, 26.55502392, 29.66507177, 26.07655502, 24.16267943, 26.55502392, 23.20574163, 30.62200957, 31.33971292, 27.99043062, 28.46889952, 29.90430622, 26.79425837, 27.03349282, 26.31578947)

wilcox.test (a, b, alternative="two.sided", paired=TRUE, conf.level=0.95)