a <- c(0.0, 34.07713498622589, 32.591145833333336, 39.387755102040835, 35.884773662551446, 31.697530864197535, 41.9723865877712, 38.125, 39.333333333333336, 39.08163265306123, 42.096029547553115, 22.366666666666667, 31.770833333333332, 50.47289504036908, 11.180555555555554, 55.555555555555586, 37.916666666666664, 42.22879684418146, 30.20761245674741, 37.5, 33.3, 37.49769159741459, 44.6962962962963, 16.851851851851848, 35.333333333333336, 16.3265306122449, 46.31687242798354, 29.50617283950617, 22.312925170068027, 45.950520833333336, 34.282407407407405, 55.555555555555586, 55.555555555555586, 27.17592592592592, 48.997395833333336, 36.59863945578231, 13.3, 66.03878116343489, 33.367346938775505, 40.53333333333333, 36.388888888888886, 46.829629629629636, 54.78333333333333, 33.691460055096414, 38.385416666666664, 47.47404844290657, 41.40039447731756, 35.0, 55.555555555555586, 31.712962962962965, 40.96885813148789, 35.3125, 30.6, 48.10710987996306, 25.88148148148148, 40.833333333333336, 32.4, 45.78231292517007, 40.36008230452675, 37.03703703703704, 38.77551020408165, 21.9921875, 37.05234159779614, 21.666666666666668, 25.0, 30.79889807162534, 44.361979166666664, 8.911564625850339, 31.851851851851855, 51.65637860082305, 25.425170068027207, 36.266666666666666, 21.203703703703706, 44.87407407407407, 36.02954755309325, 36.53333333333333, 35.416666666666664, 61.40715109573239, 41.9526627218935, 38.75, 38.75, 39.70414201183432, 47.1604938271605, 30.905349794238685, 7.272727272727272, 38.141666666666666, 33.74814814814815, 42.12962962962964, 36.4, 46.0374149659864, 46.592797783933506, 32.766666666666666, 40.06802721088437, 42.526041666666664, 37.777777777777786, 55.18518518518521, 55.555555555555586, 38.726851851851855, 25.377604166666668, 39.38775510204083, 34.32098765432099, 31.059670781893008, 54.13265306122448, 3.466666666666667, 40.740740740740755, 59.22962962962962, 43.666666666666664, 31.01928374655647, 26.041666666666668, 45.54786620530565, 37.63313609467456, 36.875, 54.0740740740741, 37.36111111111112, 34.452133794694355, 38.541666666666664, 33.63333333333333, 34.72760849492152, 49.03703703703703, 39.722222222222214, 37.5, 37.573964497041416, 42.67489711934157, 23.621399176954736, 34.421768707483, 60.104166666666664, 9.0633608815427, 26.666666666666668, 30.0, 34.46280991735537, 36.471354166666664, 37.68707482993198, 41.48148148148149, 37.993827160493844, 41.34122287968442, 35.208333333333336, 41.38888888888888, 29.629629629629626, 47.49769159741459, 32.4, 15.625, 44.083044982698965, 34.00462962962963, 55.555555555555586, 35.833333333333336, 41.61735700197239, 39.14648212226066, 38.645833333333336, 33.719008264462815, 78.6, 45.42222222222222, 36.57407407407408, 36.266666666666666, 41.122448979591844, 39.80609418282549, 10.433333333333334, 34.96598639455784, 51.158854166666664, 19.722222222222225, 55.555555555555586, 55.555555555555586, 36.94444444444445, 46.182237600922726, 28.229166666666668, 30.166666666666668, 47.52539242843952, 18.945578231292522, 36.53333333333333, 9.62962962962963, 43.14074074074074, 74.39166666666667, 36.22589531680442, 36.91358024691358, 28.713991769547317, 41.69625246548323, 39.166666666666664, 36.666666666666664, 33.392504930966474, 47.53171856978086, 28.28125, 26.433333333333334, 43.573407202216075, 37.31851851851852, 42.87037037037039, 36.8, 47.00680272108843, 30.606995884773664, 34.279835390946495, 42.31292517006804, 35.1953125, 34.6556473829201, 35.0, 28.333333333333332, 14.159779614325071, 49.739583333333336, 31.29251700680272, 26.04938271604938, 48.01440329218107, 40.34013605442177, 37.86666666666667, 38.611111111111114, 48.66666666666666, 35.0415512465374, 35.333333333333336, 34.114583333333336, 33.93310265282583, 37.083333333333336, 17.4074074074074, 36.458333333333336, 48.954635108481256, 43.10699588477367, 18.065843621399175, 27.32782369146006, 41.05, 62.96296296296296, 40.277777777777764, 16.133333333333333, 43.469387755102055, 33.416435826408126, 36.96666666666667, 38.91156462585035, 36.067708333333336, 38.37962962962963, 55.555555555555586, 54.814814814814845, 47.06018518518519, 36.822916666666664, 41.224489795918366, 34.40329218106995, 26.574074074074073, 45.05102040816326, 32.53333333333333, 44.537037037037045, 37.25925925925925, 39.575, 61.32231404958677, 33.802083333333336, 52.09919261822376, 33.214990138067066, 35.625, 55.18518518518522, 37.63888888888889, 27.139561707035757, 37.65625, 37.5, 67.25761772853186, 43.418367346938766, 32.666666666666664, 37.291666666666664, 20.29585798816568, 47.22222222222222, 30.740740740740737, 2.3809523809523805, 51.09375, 28.18181818181818, 0.0, 30.0, 36.14325068870524, 51.40625, 35.30612244897959, 9.958847736625513, 40.32921810699589, 33.31360946745563, 38.333333333333336, 33.06666666666667, 46.15646258503401, 28.891966759002763, 33.2, 40.208333333333336, 42.237600922722045, 38.19444444444444, 55.555555555555586, 36.875, 34.85207100591717, 42.72202998846597, 9.947916666666666, 34.02203856749311, 46.05833333333333, 28.607407407407404, 41.851851851851855, 24.8, 44.353741496598644, 37.56172839506174, 38.88888888888889, 37.551020408163275, 51.6796875, 38.1712962962963, 54.81481481481485, 51.11111111111112, 36.13425925925927, 36.770833333333336, 41.15646258503404, 34.766666666666666, 33.120960295475534, 46.411564625850346, 37.06666666666667, 42.96296296296297, 38.94814814814814, 41.891666666666666, 20.881542699724523, 27.242798353909468, 47.32510288065843, 11.242603550295856, 38.958333333333336, 37.916666666666664, 41.77514792899407, 51.36101499423298, 36.71875, 36.43333333333333, 34.05355493998153, 42.41481481481481, 0.6481481481481483, 38.93333333333333, 15.595238095238091, 47.72633744855966, 30.000000000000004, 24.42176870748299, 50.625, 33.19559228650139, 28.333333333333332, 55.555555555555586, 38.44907407407406, 30.638020833333332, 41.360544217687085, 39.75308641975309, 76.49176954732509, 42.97619047619048, 23.733333333333334, 43.7037037037037, 20.607407407407404, 46.53739612188367, 29.033333333333335, 24.0625, 46.47058823529412, 37.73175542406311, 36.25, 8.125, 42.44575936883629, 32.489711934156375, 35.720164609053505, 42.34159779614325, 32.61666666666667, 48.99259259259259, 38.05555555555555, 38.53333333333333, 40.39115646258504, 43.26869806094183, 31.066666666666666, 31.25, 49.75778546712802, 17.52314814814815, 55.555555555555586, 55.555555555555586, 36.018518518518526, 42.513020833333336, 5.442176870748299, 30.2, 45.355493998153285, 25.289115646258498, 35.86666666666667, 29.351851851851848, 46.05925925925927, 38.95, 35.86776859504132, 35.208333333333336, 24.41753171856978, 41.61735700197239, 37.916666666666664, 55.555555555555586, 26.898148148148152, 50.78431372549019, 33.489583333333336, 10.833333333333334, 72.74238227146812, 37.62962962962963, 43.42592592592591, 36.666666666666664, 41.83431952662722, 46.18312757201647, 33.58024691358025, 42.31292517006804, 36.744791666666664, 34.95867768595041, 35.0, 23.333333333333332, 37.98898071625344, 45.260416666666664, 19.93197278911565, 27.860082304526756, 47.24279835390946, 53.66863905325446, 37.708333333333336, 14.907407407407407, 43.792592592592584, 33.90581717451524, 34.5, 35.9375, 29.008073817762398, 39.02777777777778, 55.555555555555586, 37.5, 19.447731755424066, 48.258362168396765, 31.875, 27.27272727272727, 51.55833333333333, 41.57037037037037, 43.51851851851852, 31.066666666666666, 46.19047619047618, 29.526748971193413, 34.69135802469136, 39.591836734693885, 34.4921875, 36.94444444444444, 33.70370370370369, 55.555555555555586, 38.125, 33.24106113033449, 35.520833333333336, 37.0, 38.07017543859648, 45.51020408163265, 28.4, 41.203703703703695, 23.007407407407403, 45.25833333333333, 32.03856749311295, 12.34567901234568, 67.56172839506173, 30.532544378698226, 37.291666666666664, 37.291666666666664, 41.26232741617357, 38.36216839677048, 38.489583333333336, 30.766666666666666, 34.07202216066482, 47.21481481481481, 35.64814814814814, 36.13333333333333, 38.65646258503401, 48.75514403292181, 14.40329218106996, 38.503401360544224, 