## install.packages(c("exactRankTests"))
## R CMD BATCH --no-restore --no-save label_classification_iris_neuron_vs_weight-centric_trainingMisclassificationError_wilcoxon.r

a <- c(3.44827586206896, 3.44827586206896, 3.44827586206896, 4.13793103448276, 4.13793103448276, 2.75862068965517, 4.82758620689655, 3.44827586206896, 3.44827586206896, 4.13793103448276, 2.75862068965517, 4.13793103448276, 4.13793103448276, 2.75862068965517, 2.75862068965517, 4.13793103448276, 2.75862068965517, 4.13793103448276, 3.44827586206896, 3.44827586206896, 2.75862068965517, 4.13793103448276, 2.75862068965517, 4.13793103448276, 4.82758620689655, 4.82758620689655, 2.75862068965517, 4.82758620689655, 3.44827586206896, 3.44827586206896)
b <- c(2.06896551724138, 2.75862068965517, 3.44827586206896, 2.75862068965517, 2.75862068965517, 2.75862068965517, 1.37931034482759, 2.06896551724138, 3.44827586206896, 2.06896551724138, 0.68965517241379, 2.06896551724138, 2.75862068965517, 3.44827586206896, 2.06896551724138, 2.75862068965517, 2.75862068965517, 4.13793103448276, 2.75862068965517, 2.75862068965517, 2.75862068965517, 2.75862068965517, 2.75862068965517, 2.06896551724138, 1.37931034482759, 2.75862068965517, 2.75862068965517, 2.75862068965517, 3.44827586206896, 2.06896551724138)

wilcox.test (a, b, alternative="two.sided", paired=TRUE, conf.level=0.95)