## install.packages(c("exactRankTests"))
## R CMD BATCH --no-restore --no-save label_classification_monks2_ward_vs_weight-centric_testMisclassifiedError_wilcoxon.r

a <- c(28.57142857, 14.28571429, 21.42857143, 42.85714286, 50, 21.42857143, 21.42857143, 42.85714286, 28.57142857, 21.42857143, 35.71428571, 21.42857143, 28.57142857, 21.42857143, 28.57142857, 35.71428571, 57.14285714, 28.57142857, 14.28571429, 21.42857143, 35.71428571, 14.28571429, 42.85714286, 21.42857143, 28.57142857, 28.57142857, 42.85714286, 42.85714286, 28.57142857, 0)
b <- c(28.57142857, 28.57142857, 35.71428571, 28.57142857, 42.85714286, 21.42857143, 28.57142857, 42.85714286, 28.57142857, 28.57142857, 21.42857143, 28.57142857, 28.57142857, 35.71428571, 35.71428571, 14.28571429, 35.71428571, 14.28571429, 28.57142857, 14.28571429, 35.71428571, 35.71428571, 50, 28.57142857, 21.42857143, 14.28571429, 50, 28.57142857, 28.57142857, 28.57142857)

wilcox.test (a, b, alternative="two.sided", paired=TRUE, conf.level=0.95)