## install.packages(c("exactRankTests"))
## R CMD BATCH --no-restore --no-save label_classification_monks2_k-means_vs_neuron_testMisclassifiedError_wilcoxon.r

a <- c(28.5714285714286, 28.5714285714286, 42.8571428571429, 35.7142857142857, 42.8571428571429, 35.7142857142857, 28.5714285714286, 50, 35.7142857142857, 21.4285714285714, 42.8571428571429, 35.7142857142857, 35.7142857142857, 21.4285714285714, 35.7142857142857, 35.7142857142857, 42.8571428571429, 28.5714285714286, 21.4285714285714, 28.5714285714286, 28.5714285714286, 14.2857142857143, 42.8571428571429, 28.5714285714286, 28.5714285714286, 7.14285714285714, 64.2857142857143, 28.5714285714286, 14.2857142857143, 35.7142857142857)
b <- c(7.142857143, 21.42857143, 7.142857143, 21.42857143, 21.42857143, 28.57142857, 7.142857143, 21.42857143, 14.28571429, 21.42857143, 28.57142857, 21.42857143, 14.28571429, 28.57142857, 35.71428571, 35.71428571, 35.71428571, 7.142857143, 7.142857143, 14.28571429, 28.57142857, 21.42857143, 21.42857143, 7.142857143, 14.28571429, 28.57142857, 7.142857143, 21.42857143, 21.42857143, 14.28571429)

wilcox.test (a, b, alternative="two.sided", paired=TRUE, conf.level=0.95)