## install.packages(c("exactRankTests"))
## R CMD BATCH --no-restore --no-save label_classification_pima_neuron_vs_weight-centric_percentageUnlabeled_wilcoxon.r

a <- c(2.777777778, 3.472222222, 2.083333333, 3.472222222, 3.472222222, 4.166666667, 6.25, 2.777777778, 4.861111111, 2.083333333, 2.083333333, 4.166666667, 4.166666667, 2.083333333, 4.166666667, 5.555555556, 3.472222222, 2.777777778, 3.472222222, 4.166666667, 1.388888889, 3.472222222, 1.388888889, 5.555555556, 2.083333333, 2.083333333, 1.388888889, 4.166666667, 1.388888889, 3.472222222)
b <- c(0, 0, 0, 0, 0, 0, 0, 0, 0, 0, 0, 0, 0, 0, 0, 0, 0, 0, 0, 0, 0, 0, 0, 0, 0, 0, 0, 0, 0, 0)

wilcox.test (a, b, alternative="two.sided", paired=TRUE, conf.level=0.95)