a <- c(0.0, 20.680272108843546, 29.9, 19.6, 20.555555555555557, 36.28099173553719, 21.302083333333332, 26.666666666666664, 16.875, 26.584362139917697, 35.537190082644635, 19.537037037037045, 18.0, 30.433333333333334, 25.0, 26.666666666666668, 27.037037037037027, 22.8125, 29.933333333333334, 19.333333333333332, 20.7482993197279, 39.861111111111114, 26.584362139917694, 14.583333333333334, 16.666666666666668, 30.74074074074074, 35.01377410468319, 19.62962962962963, 20.0, 29.8, 22.108843537414973, 25.0, 25.0, 21.020408163265316, 31.733333333333334, 18.666666666666668, 19.62962962962963, 35.12396694214876, 25.720164609053498, 17.708333333333332, 15.833333333333334, 26.17283950617284, 56.41203703703705, 21.56462585034014, 21.388888888888893, 36.14325068870524, 21.979166666666668, 26.666666666666664, 27.037037037037035, 23.177083333333332, 29.333333333333332, 19.2, 20.47619047619049, 39.537037037037045, 25.26748971193415, 17.083333333333332, 26.29629629629629, 22.552083333333332, 34.24242424242423, 20.000000000000007, 23.2, 32.1, 20.612244897959197, 25.0, 25.0, 21.56462585034014, 30.5, 19.066666666666666, 18.7962962962963, 35.12396694214876, 23.854166666666668, 24.814814814814813, 16.875, 25.679012345679006, 39.05092592592592, 20.680272108843546, 18.933333333333334, 69.9, 21.71875, 28.88888888888889, 26.29629629629629, 24.270833333333332, 35.34435261707987, 19.351851851851855, 21.97278911564626, 39.93055555555555, 27.283950617283953, 16.875, 16.458333333333332, 25.84362139917695, 36.969696969696976, 19.90740740740741, 19.866666666666667, 30.366666666666667, 22.291666666666668, 24.07407407407407, 25.0, 20.612244897959194, 30.766666666666666, 19.6, 19.90740740740741, 35.23415977961432, 35.596707818930035, 18.75, 17.291666666666668, 43.49794238683128, 39.25925925925926, 20.27210884353742, 19.814814814814824, 35.09641873278237, 22.291666666666668, 27.77777777777777, 26.66666666666666, 22.135416666666668, 30.733333333333334, 19.066666666666666, 21.574074074074076, 35.50964187327824, 25.555555555555543, 17.291666666666668, 22.592592592592588, 23.072916666666668, 34.46280991735537, 19.814814814814817, 20.266666666666666, 30.6, 21.904761904761912, 25.0, 25.0, 19.72789115646259, 35.56666666666667, 18.266666666666666, 21.481481481481485, 34.79338842975206, 22.239583333333332, 28.148148148148152, 18.333333333333332, 26.25514403292181, 34.18732782369146, 20.09259259259259, 19.866666666666667, 30.4, 22.135416666666668, 27.037037037037027, 27.77777777777777, 22.395833333333332, 34.98622589531681, 22.314814814814817, 21.36054421768708, 67.70833333333334, 25.10288065843621, 16.25, 16.875, 26.419753086419753, 34.98622589531681, 20.74074074074074, 21.2, 30.2, 21.700680272108848, 3.3333333333333335, 22.592592592592588, 22.135416666666668, 30.633333333333333, 18.666666666666668, 19.259259259259263, 35.42699724517907, 26.995884773662553, 16.875, 17.708333333333332, 26.543209876543205, 59.97685185185184, 20.47619047619048, 21.759259259259263, 35.15151515151515, 22.291666666666668, 26.666666666666664, 27.037037037037027, 26.614583333333332, 29.766666666666666, 18.0, 21.70068027210885, 40.25462962962963, 25.80246913580247, 16.041666666666668, 15.625, 26.296296296296294, 34.903581267217625, 21.296296296296298, 19.066666666666666, 30.1, 20.81632653061225, 25.0, 25.0, 21.42857142857144, 30.9, 18.533333333333335, 19.629629629629633, 34.87603305785124, 22.1875, 27.4074074074074, 16.875, 25.51440329218107, 40.55555555555556, 20.88435374149661, 21.733333333333334, 30.8, 21.71875, 26.66666666666666, 27.407407407407405, 23.697916666666668, 35.67493112947659, 19.90740740740741, 21.088435374149665, 40.023148148148145, 77.53086419753087, 17.5, 16.458333333333332, 26.255144032921812, 35.20661157024794, 18.88888888888889, 19.333333333333332, 30.9, 20.989583333333332, 28.518518518518526, 25.0, 21.6326530612245, 30.966666666666665, 19.2, 19.537037037037045, 37.438016528925615, 25.884773662551435, 15.0, 17.291666666666668, 25.967078189300413, 39.93055555555555, 37.006802721088434, 18.933333333333334, 30.2, 23.697916666666668, 28.148148148148145, 22.592592592592588, 22.291666666666668, 31.433333333333334, 19.733333333333334, 20.185185185185187, 34.710743801652896, 24.897119341563783, 14.583333333333334, 27.03703703703703, 23.75, 34.38016528925619, 20.833333333333336, 17.6, 30.233333333333334, 21.97278911564626, 2.5, 25.0, 21.360544217687075, 30.233333333333334, 18.8, 19.814814814814817, 34.46280991735537, 22.864583333333332, 28.148148148148138, 16.875, 25.43209876543209, 36.47382920110192, 21.2962962962963, 18.933333333333334, 31.066666666666666, 22.135416666666668, 27.407407407407398, 22.592592592592588, 22.239583333333332, 30.9, 18.8, 20.47619047619048, 38.657407407407405, 26.87242798353909, 17.708333333333332, 16.458333333333332, 25.96707818930041, 33.663911845730034, 20.740740740740744, 19.733333333333334, 53.166666666666664, 21.360544217687085, 25.0, 27.407407407407405, 21.927083333333332, 32.1, 20.133333333333333, 21.666666666666668, 35.26170798898072, 25.267489711934154, 16.458333333333332, 15.833333333333334, 26.2551440329218, 39.30555555555556, 21.836734693877556, 19.907407407407405, 34.628099173553714, 24.375, 25.92592592592592, 27.037037037037024, 21.354166666666668, 43.6, 19.066666666666666, 21.292517006802726, 39.814814814814824, 26.707818930041153, 18.958333333333332, 22.592592592592588, 23.489583333333332, 34.32506887052342, 21.2962962962963, 18.133333333333333, 31.166666666666668, 20.81632653061225, 25.0, 25.0, 21.49659863945579, 29.833333333333332, 19.333333333333332, 20.740740740740744, 42.89256198347107, 25.84362139917695, 16.25, 17.916666666666668, 27.283950617283946, 39.81481481481482, 20.884353741496607, 19.866666666666667, 30.533333333333335, 22.96875, 26.666666666666664, 23.333333333333325, 22.239583333333332, 34.79338842975207, 21.94444444444445, 24.013605442176875, 40.55555555555555, 25.432098765432094, 15.833333333333334, 16.875, 25.96707818930041, 34.87603305785124, 19.814814814814813, 20.4, 30.3, 23.385416666666668, 26.29629629629629, 25.0, 21.428571428571438, 29.366666666666667, 19.2, 19.81481481481482, 34.848484848484844, 26.131687242798353, 16.875, 16.875, 26.74897119341564, 38.86574074074075, 20.136054421768716, 22.22222222222223, 36.28099173553719, 21.25, 28.88888888888889, 27.777777777777775, 22.916666666666668, 31.5, 20.0, 20.884353741496604, 46.59722222222221, 28.31275720164609, 15.833333333333334, 26.66666666666666, 21.979166666666668, 51.32231404958679, 20.0, 20.933333333333334, 31.033333333333335, 20.20408163265307, 25.0, 25.0, 21.49659863945579, 29.7, 20.266666666666666, 21.481481481481477, 34.32506887052341, 48.333333333333336, 29.62962962962963, 15.833333333333334, 26.008230452674898, 34.84848484848485, 20.0, 20.133333333333333, 30.433333333333334, 21.927083333333332, 26.666666666666664, 27.4074074074074, 23.28125, 33.994490358126725, 20.0, 22.31292517006803, 38.79629629629628, 25.761316872427983, 17.708333333333332, 15.625, 25.267489711934154, 35.70247933884297, 20.925925925925927, 19.066666666666666, 30.9, 20.7482993197279, 25.0, 27.03703703703703, 22.291666666666668, 32.46666666666667, 19.333333333333332, 17.777777777777786, 35.39944903581268, 26.378600823045257, 17.083333333333332, 16.041666666666668, 26.460905349794242, 39.74537037037037, 21.49659863945579, 28.42592592592593, 35.81267217630854, 22.96875, 28.148148148148145, 22.222222222222214, 22.447916666666668, 30.2, 20.8, 21.700680272108855, 45.09259259259261, 25.92592592592592, 17.291666666666668, 16.666666666666668, 26.008230452674898, 36.39118457300275, 19.351851851851855, 19.866666666666667, 30.766666666666666, 20.95238095238096, 3.3333333333333335, 25.0, 19.795918367346943, 30.533333333333335, 19.466666666666665, 21.388888888888893, 41.70798898071625, 23.59375, 26.666666666666668, 16.875, 25.637860082304524, 39.4212962962963, 23.469387755102044, 19.733333333333334, 30.666666666666668, 23.072916666666668, 26.296296296296287, 27.77777777777777, 22.34375, 37.27272727272726, 20.64814814814815, 