## install.packages(c("exactRankTests"))
## R CMD BATCH --no-restore --no-save label_classification_monks3_k-means_vs_weight-centric_testError_wilcoxon.r

a <- c(35.71428571, 21.42857143, 21.42857143, 14.28571429, 14.28571429, 21.42857143, 28.57142857, 35.71428571, 35.71428571, 14.28571429, 21.42857143, 28.57142857, 28.57142857, 21.42857143, 28.57142857, 28.57142857, 42.85714286, 35.71428571, 28.57142857, 42.85714286, 21.42857143, 28.57142857, 35.71428571, 14.28571429, 35.71428571, 14.28571429, 42.85714286, 14.28571429, 35.71428571, 35.71428571)
b <- c(50, 28.57142857, 42.85714286, 28.57142857, 28.57142857, 28.57142857, 21.42857143, 21.42857143, 42.85714286, 7.142857143, 21.42857143, 50, 35.71428571, 35.71428571, 7.142857143, 21.42857143, 14.28571429, 35.71428571, 21.42857143, 28.57142857, 14.28571429, 42.85714286, 28.57142857, 42.85714286, 21.42857143, 28.57142857, 35.71428571, 7.142857143, 21.42857143, 14.28571429)

wilcox.test (a, b, alternative="two.sided", paired=TRUE, conf.level=0.95)