## install.packages(c("exactRankTests"))
## R CMD BATCH --no-restore --no-save label_classification_monks2_k-means_vs_weight-centric_trainingMisclassifiedError_wilcoxon.r

a <- c(28.4688995215311, 33.0143540669856, 32.5358851674641, 32.7751196172249, 28.7081339712919, 32.7751196172249, 33.0143540669856, 32.0574162679426, 32.7751196172249, 33.2535885167464, 31.5789473684211, 29.6650717703349, 30.1435406698565, 33.2535885167464, 32.7751196172249, 32.7751196172249, 32.5358851674641, 31.3397129186603, 33.2535885167464, 33.0143540669856, 32.7751196172249, 33.4928229665072, 32.5358851674641, 32.7751196172249, 33.0143540669856, 33.7320574162679, 31.8181818181818, 33.0143540669856, 33.4928229665072, 32.7751196172249)
b <- c(24.16267943, 25.35885167, 22.72727273, 20.09569378, 24.88038278, 21.29186603, 25.83732057, 22.00956938, 23.20574163, 23.20574163, 21.53110048, 24.16267943, 23.68421053, 19.61722488, 26.31578947, 24.40191388, 22.24880383, 22.00956938, 33.97129187, 23.44497608, 27.27272727, 23.44497608, 21.53110048, 25.83732057, 23.92344498, 23.44497608, 24.64114833, 21.77033493, 25.35885167, 27.03349282)

wilcox.test (a, b, alternative="two.sided", paired=TRUE, conf.level=0.95)