## install.packages(c("exactRankTests"))
## R CMD BATCH --no-restore --no-save label_classification_monks2_k-means_vs_ward_trainingMisclassifiedError_wilcoxon.r

a <- c(28.4688995215311, 33.0143540669856, 32.5358851674641, 32.7751196172249, 28.7081339712919, 32.7751196172249, 33.0143540669856, 32.0574162679426, 32.7751196172249, 33.2535885167464, 31.5789473684211, 29.6650717703349, 30.1435406698565, 33.2535885167464, 32.7751196172249, 32.7751196172249, 32.5358851674641, 31.3397129186603, 33.2535885167464, 33.0143540669856, 32.7751196172249, 33.4928229665072, 32.5358851674641, 32.7751196172249, 33.0143540669856, 33.7320574162679, 31.8181818181818, 33.0143540669856, 33.4928229665072, 32.7751196172249)
b <- c(21.29186603, 22.48803828, 21.29186603, 20.81339713, 21.29186603, 24.88038278, 18.89952153, 22.48803828, 24.64114833, 20.57416268, 22.96650718, 22.48803828, 20.33492823, 22.48803828, 23.20574163, 21.29186603, 21.53110048, 21.29186603, 22.96650718, 22.48803828, 27.27272727, 20.33492823, 24.16267943, 20.33492823, 23.20574163, 23.92344498, 22.00956938, 25.59808612, 23.92344498, 21.53110048)

wilcox.test (a, b, alternative="two.sided", paired=TRUE, conf.level=0.95)