## install.packages(c("exactRankTests"))
## R CMD BATCH --no-restore --no-save label_classification_monks1_k-means_vs_neuron_testError_wilcoxon.r

a <- c(42.85714286, 42.85714286, 28.57142857, 50, 14.28571429, 21.42857143, 35.71428571, 35.71428571, 35.71428571, 35.71428571, 42.85714286, 14.28571429, 28.57142857, 35.71428571, 28.57142857, 35.71428571, 42.85714286, 42.85714286, 0, 42.85714286, 57.14285714, 50, 35.71428571, 21.42857143, 35.71428571, 35.71428571, 21.42857143, 28.57142857, 42.85714286, 21.42857143)
b <- c(35.71428571, 7.142857143, 21.42857143, 28.57142857, 7.142857143, 14.28571429, 14.28571429, 7.142857143, 28.57142857, 14.28571429, 0, 14.28571429, 35.71428571, 14.28571429, 7.142857143, 21.42857143, 28.57142857, 35.71428571, 7.142857143, 28.57142857, 14.28571429, 42.85714286, 35.71428571, 7.142857143, 42.85714286, 21.42857143, 0, 21.42857143, 28.57142857, 14.28571429)

wilcox.test (a, b, alternative="two.sided", paired=TRUE, conf.level=0.95)