a <- c(0.0, 33.27823691460055, 31.6796875, 40.000000000000014, 33.78600823045267, 30.36008230452675, 41.952662721893496, 36.875, 43.733333333333334, 40.272108843537424, 40.86795937211449, 23.633333333333333, 29.010416666666668, 47.84313725490196, 11.273148148148147, 55.555555555555586, 37.083333333333336, 42.781065088757394, 30.080738177623992, 36.510416666666664, 33.36666666666667, 36.177285318559555, 43.970370370370375, 12.685185185185185, 38.266666666666666, 16.173469387755098, 44.722222222222236, 28.02469135802469, 20.884353741496604, 47.096354166666664, 36.36574074074074, 55.555555555555586, 55.555555555555586, 25.6712962962963, 50.091145833333336, 36.59863945578231, 11.7, 67.1191135734072, 34.8469387755102, 35.733333333333334, 31.75925925925926, 47.0074074074074, 54.46666666666667, 32.92011019283747, 40.989583333333336, 47.727797001153405, 40.53254437869823, 32.708333333333336, 55.555555555555586, 32.175925925925924, 40.35755478662054, 34.322916666666664, 29.9, 46.76823638042477, 25.555555555555557, 39.72222222222222, 33.2, 46.258503401360535, 39.331275720164605, 39.25925925925925, 38.979591836734706, 22.65625, 35.48209366391185, 30.0, 26.666666666666668, 29.228650137741045, 43.645833333333336, 7.278911564625849, 31.152263374485592, 48.98148148148149, 27.023809523809522, 38.53333333333333, 19.722222222222218, 47.06666666666667, 35.42012927054478, 35.36666666666667, 36.354166666666664, 61.6955017301038, 40.4930966469428, 37.083333333333336, 34.375, 36.7258382642998, 48.3641975308642, 31.27572016460904, 7.217630853994491, 39.46666666666667, 34.22222222222222, 42.5, 33.6, 45.86734693877551, 46.85133887349955, 33.666666666666664, 41.63265306122451, 42.369791666666664, 37.6851851851852, 55.18518518518522, 55.555555555555586, 37.93981481481481, 24.84375, 39.7278911564626, 37.16049382716049, 32.0679012345679, 52.465986394557824, 2.2666666666666666, 39.35185185185186, 60.666666666666664, 44.25, 30.137741046831955, 24.84375, 47.11649365628604, 38.14595660749508, 37.5, 53.70370370370373, 37.98611111111112, 35.7439446366782, 39.427083333333336, 36.333333333333336, 34.78301015697137, 48.592592592592595, 39.35185185185185, 36.875, 37.850098619329394, 44.23868312757202, 24.032921810699584, 32.17687074829931, 59.674479166666664, 9.366391184573006, 28.333333333333332, 33.333333333333336, 34.87603305785124, 37.018229166666664, 37.68707482993198, 35.59670781893003, 36.553497942386834, 41.63708086785011, 37.291666666666664, 38.05555555555556, 29.703703703703702, 47.51615881809787, 31.3, 15.46875, 43.79469434832757, 31.36574074074074, 55.555555555555586, 35.0, 41.55818540433924, 39.12341407151096, 35.885416666666664, 33.69146005509642, 78.30833333333334, 47.037037037037045, 34.907407407407405, 37.733333333333334, 40.56122448979592, 37.848568790397046, 11.2, 32.517006802721085, 50.247395833333336, 19.282407407407405, 55.555555555555586, 55.555555555555586, 37.06018518518518, 46.94348327566321, 29.166666666666668, 30.133333333333333, 46.63896583564174, 19.52380952380953, 37.6, 9.35185185185185, 43.34814814814815, 74.05, 35.39944903581268, 34.11522633744856, 29.8559670781893, 41.834319526627226, 38.333333333333336, 37.916666666666664, 37.79092702169625, 48.696655132641304, 27.96875, 25.1, 41.81902123730379, 38.02962962962963, 43.7037037037037, 36.93333333333333, 47.43197278911565, 30.617283950617285, 35.144032921810684, 40.612244897959194, 35.8203125, 35.75757575757576, 38.333333333333336, 20.0, 13.774104683195592, 49.674479166666664, 32.72108843537415, 26.131687242798353, 48.8888888888889, 40.52721088435374, 40.0, 35.37037037037037, 48.71111111111112, 34.11819021237304, 33.333333333333336, 33.125, 32.15686274509804, 37.17592592592594, 22.592592592592588, 39.375, 49.23076923076925, 44.33127572016461, 17.777777777777775, 27.71349862258953, 43.84166666666667, 63.27407407407407, 40.740740740740755, 10.933333333333334, 43.14625850340136, 34.15512465373961, 37.36666666666667, 40.00000000000001, 35.026041666666664, 39.37499999999999, 54.814814814814845, 53.703703703703724, 48.14814814814814, 40.963541666666664, 41.6326530612245, 32.96296296296296, 26.01851851851852, 44.557823129251695, 36.266666666666666, 42.777777777777764, 36.54814814814814, 39.791666666666664, 59.61432506887052, 33.385416666666664, 51.084198385236455, 33.49112426035503, 37.708333333333336, 55.18518518518522, 38.703703703703695, 26.45905420991926, 36.145833333333336, 36.13333333333333, 68.76269621421974, 44.217687074829946, 31.066666666666666, 36.875, 20.69033530571992, 47.97325102880658, 32.59259259259259, 2.653061224489796, 50.5859375, 28.20936639118458, 0.0, 26.666666666666668, 36.19834710743802, 51.106770833333336, 37.00680272108845, 9.094650205761317, 39.80452674897118, 34.91124260355029, 38.125, 33.46666666666667, 45.28911564625851, 29.427516158818094, 35.5, 39.895833333333336, 41.349480968858124, 37.73148148148148, 55.555555555555586, 35.208333333333336, 32.52465483234713, 42.32987312572087, 10.9375, 33.05785123966941, 46.275, 27.185185185185183, 44.35185185185185, 25.333333333333332, 44.04761904761905, 36.95473251028807, 37.283950617283956, 34.89795918367347, 50.598958333333336, 38.356481481481474, 54.81481481481485, 54.44444444444447, 37.26851851851852, 35.130208333333336, 40.680272108843546, 35.1, 32.659279778393355, 45.646258503401356, 40.0, 42.12962962962964, 39.18518518518518, 42.125, 19.44903581267217, 28.518518518518523, 46.65637860082304, 10.907297830374754, 38.75, 39.166666666666664, 41.55818540433925, 50.957324106113035, 36.510416666666664, 34.36666666666667, 33.52723915050785, 42.62222222222223, 0.5555555555555556, 39.733333333333334, 16.27551020408163, 46.32716049382716, 29.7119341563786, 27.48299319727891, 50.729166666666664, 32.31404958677686, 31.666666666666668, 55.555555555555586, 39.21296296296296, 30.026041666666668, 40.95238095238096, 36.17283950617284, 76.18312757201647, 44.081632653061234, 24.4, 42.03703703703703, 19.39259259259259, 46.204986149584485, 29.066666666666666, 23.854166666666668, 45.58246828143021, 37.31755424063116, 36.458333333333336, 7.708333333333333, 42.07100591715977, 33.425925925925924, 33.41563786008229, 41.239669421487605, 32.833333333333336, 48.62222222222222, 36.666666666666664, 38.0, 39.506802721088434, 44.182825484764535, 31.966666666666665, 33.125, 46.79354094579007, 17.615740740740748, 55.555555555555586, 55.555555555555586, 36.875, 42.161458333333336, 5.578231292517007, 31.533333333333335, 46.1034164358264, 24.01360544217687, 41.333333333333336, 31.018518518518523, 47.11111111111109, 36.75833333333333, 36.280991735537185, 34.53125, 23.679354094579008, 42.110453648915204, 37.708333333333336, 55.555555555555586, 26.921296296296298, 50.5997693194925, 35.104166666666664, 10.866666666666667, 72.6223453370268, 37.8074074074074, 44.25925925925926, 36.875, 40.927021696252474, 47.119341563786, 35.63786008230453, 40.40816326530613, 36.549479166666664, 34.407713498622584, 26.666666666666668, 20.0, 35.123966942148755, 46.197916666666664, 25.374149659863942, 26.87242798353909, 45.4835390946502, 53.668639053254445, 35.833333333333336, 14.907407407407412, 44.02962962962963, 34.72760849492151, 37.06666666666667, 38.854166666666664, 29.377162629757784, 37.75462962962963, 55.555555555555586, 36.458333333333336, 20.276134122287974, 50.33448673587081, 32.1875, 28.209366391184563, 52.483333333333334, 40.177777777777784, 44.81481481481481, 29.2, 45.816326530612244, 28.652263374485596, 35.51440329218108, 40.408163265306136, 35.0390625, 37.4074074074074, 36.29629629629629, 55.555555555555586, 37.56944444444444, 32.65282583621684, 36.40625, 37.0, 36.47276084949215, 44.33673469387755, 31.733333333333334, 43.51851851851852, 23.748148148148154, 44.975, 32.69972451790633, 12.386831275720162, 66.81069958847735, 28.461538461538467, 38.541666666666664, 35.208333333333336, 41.10453648915188, 38.83506343713955, 38.229166666666664, 33.13333333333333, 34.40443213296398, 47.92592592592592, 31.01851851851852, 39.733333333333334, 37.04081632653062, 48.940329218106996, 