## install.packages(c("exactRankTests"))
## R CMD BATCH --no-restore --no-save label_classification_monks1_neuron_vs_weight-centric_percentageUnlabeled_wilcoxon.r

a <- c(43.87755102, 44.89795918, 43.87755102, 40.30612245, 45.91836735, 41.83673469, 46.93877551, 43.36734694, 42.85714286, 49.48979592, 43.36734694, 46.93877551, 40.81632653, 38.7755102, 46.93877551, 44.3877551, 36.73469388, 43.36734694, 34.69387755, 44.3877551, 45.40816327, 45.40816327, 45.91836735, 43.36734694, 42.85714286, 41.83673469, 43.87755102, 45.91836735, 43.87755102, 41.83673469)
b <- c(0, 0, 0, 0, 0, 0, 0, 0, 0, 0, 0, 0, 0, 0, 0, 0, 0, 0, 0, 0, 0, 0, 0, 0, 0, 0, 0, 0, 0, 0)

wilcox.test (a, b, alternative="two.sided", paired=TRUE, conf.level=0.95)