## install.packages(c("exactRankTests"))
## R CMD BATCH --no-restore --no-save label_classification_monks1_k-means_vs_ward_percentageUnlabeled_wilcoxon.r

a <- c(1.108033241, 0, 2.216066482, 0, 3.878116343, 0, 2.770083102, 2.493074792, 1.108033241, 3.047091413, 0.55401662, 1.385041551, 0.55401662, 1.108033241, 2.216066482, 4.432132964, 0, 1.385041551, 1.662049861, 1.385041551, 0.831024931, 1.108033241, 1.385041551, 0, 2.493074792, 3.047091413, 1.108033241, 3.601108033, 0.55401662, 2.770083102)
b <- c(6.640625, 10.15625, 6.25, 5.078125, 3.90625, 3.125, 7.421875, 5.46875, 5.859375, 10.9375, 4.296875, 5.859375, 7.03125, 6.25, 1.171875, 7.421875, 5.46875, 11.328125, 3.90625, 9.375, 1.171875, 13.28125, 6.640625, 11.328125, 3.515625, 7.03125, 10.15625, 11.328125, 10.546875, 8.59375)

wilcox.test (a, b, alternative="two.sided", paired=TRUE, conf.level=0.95)