## install.packages(c("exactRankTests"))
## R CMD BATCH --no-restore --no-save label_classification_monks1_neuron_vs_ward_percentageUnlabeled_wilcoxon.r

a <- c(43.87755102, 44.89795918, 43.87755102, 40.30612245, 45.91836735, 41.83673469, 46.93877551, 43.36734694, 42.85714286, 49.48979592, 43.36734694, 46.93877551, 40.81632653, 38.7755102, 46.93877551, 44.3877551, 36.73469388, 43.36734694, 34.69387755, 44.3877551, 45.40816327, 45.40816327, 45.91836735, 43.36734694, 42.85714286, 41.83673469, 43.87755102, 45.91836735, 43.87755102, 41.83673469)
b <- c(6.640625, 10.15625, 6.25, 5.078125, 3.90625, 3.125, 7.421875, 5.46875, 5.859375, 10.9375, 4.296875, 5.859375, 7.03125, 6.25, 1.171875, 7.421875, 5.46875, 11.328125, 3.90625, 9.375, 1.171875, 13.28125, 6.640625, 11.328125, 3.515625, 7.03125, 10.15625, 11.328125, 10.546875, 8.59375)

wilcox.test (a, b, alternative="two.sided", paired=TRUE, conf.level=0.95)