## install.packages(c("exactRankTests"))
## R CMD BATCH --no-restore --no-save label_classification_monks1_k-means_vs_neuron_percentageUnlabeled_wilcoxon.r

a <- c(1.108033241, 0, 2.216066482, 0, 3.878116343, 0, 2.770083102, 2.493074792, 1.108033241, 3.047091413, 0.55401662, 1.385041551, 0.55401662, 1.108033241, 2.216066482, 4.432132964, 0, 1.385041551, 1.662049861, 1.385041551, 0.831024931, 1.108033241, 1.385041551, 0, 2.493074792, 3.047091413, 1.108033241, 3.601108033, 0.55401662, 2.770083102)
b <- c(43.87755102, 44.89795918, 43.87755102, 40.30612245, 45.91836735, 41.83673469, 46.93877551, 43.36734694, 42.85714286, 49.48979592, 43.36734694, 46.93877551, 40.81632653, 38.7755102, 46.93877551, 44.3877551, 36.73469388, 43.36734694, 34.69387755, 44.3877551, 45.40816327, 45.40816327, 45.91836735, 43.36734694, 42.85714286, 41.83673469, 43.87755102, 45.91836735, 43.87755102, 41.83673469)

wilcox.test (a, b, alternative="two.sided", paired=TRUE, conf.level=0.95)