a <- c(0.0, 12.6, 27.704081632653054, 2.5925925925925926, 6.354166666666667, 41.588541666666664, 17.800925925925927, 0.0, 0.13333333333333333, 21.85404339250493, 41.96078431372549, 9.958847736625513, 4.4897959183673475, 28.26666666666667, 19.641873278236915, 2.592592592592593, 0.0, 17.36111111111111, 35.546875, 6.510416666666667, 10.8, 44.10493827160494, 25.544217687074827, 1.666666666666667, 0.8, 39.11242603550296, 35.61707035755478, 9.300411522633745, 4.35374149659864, 28.785185185185178, 16.44628099173554, 0.0, 0.0, 16.584022038567497, 32.977777777777774, 3.6734693877551026, 10.658436213991768, 47.6701268742791, 22.78106508875739, 0.8, 1.9444444444444449, 24.523809523809526, 60.3395061728395, 12.0, 6.458333333333333, 38.4375, 18.703703703703702, 0.0, 0.0, 16.501377410468322, 29.31851851851852, 22.517006802721088, 7.530864197530865, 35.13264129181084, 23.648915187376726, 0.4, 0.0, 18.657407407407405, 34.674479166666664, 5.520833333333333, 1.9444444444444449, 31.394557823129233, 11.4, 0.0, 0.0, 12.066666666666666, 25.782312925170064, 1.851851851851852, 7.083333333333333, 31.966145833333332, 20.648148148148145, 0.0, 0.26666666666666666, 21.222879684418146, 36.90888119953864, 8.724279835390949, 4.35374149659864, 57.48148148148148, 15.3168044077135, 0.0, 0.0, 40.208333333333336, 31.744791666666668, 5.104166666666667, 18.6, 40.164609053497934, 26.870748299319725, 2.685185185185185, 0.6666666666666666, 21.26232741617357, 47.00115340253749, 8.518518518518517, 3.6054421768707483, 29.24444444444445, 15.123966942148762, 0.0, 0.0, 14.407713498622588, 33.71851851851852, 3.4013605442176873, 8.312757201646091, 38.33910034602077, 45.60157790927022, 0.9333333333333333, 2.12962962962963, 60.493197278911566, 39.40329218106995, 11.966666666666667, 6.822916666666667, 31.953125, 18.51851851851852, 0.20833333333333334, 0.0, 15.454545454545455, 33.333333333333336, 4.217687074829931, 8.353909465020577, 41.88004613610151, 21.6370808678501, 1.2, 0.0, 19.074074074074076, 31.692708333333332, 6.71875, 1.0185185185185186, 36.7517006802721, 18.933333333333334, 0.0, 0.0, 12.266666666666667, 45.39115646258504, 1.7592592592592595, 6.5625, 33.463541666666664, 18.078703703703706, 0.20833333333333334, 1.2, 23.13609467455622, 35.132641291810835, 8.148148148148147, 3.8095238095238093, 29.066666666666666, 16.03305785123967, 0.0, 0.0, 17.800925925925927, 32.9296875, 5.833333333333333, 11.366666666666667, 79.8971193415638, 29.506802721088427, 2.037037037037037, 0.4, 28.61932938856016, 35.87081891580162, 25.390946502057613, 4.013605442176871, 28.04444444444444, 17.79614325068871, 0.0, 0.0, 14.87603305785124, 28.370370370370367, 4.149659863945578, 9.012345679012347, 35.44405997693195, 28.639053254437872, 0.8, 2.2222222222222223, 25.95238095238095, 66.85185185185185, 11.3, 5.989583333333333, 38.346354166666664, 17.106481481481477, 0.20833333333333334, 0.0, 40.00000000000001, 28.08888888888889, 3.4013605442176873, 10.08230452674897, 35.893886966551335, 22.72189349112426, 0.8, 0.0, 17.476851851851855, 36.341145833333336, 7.083333333333333, 2.2222222222222223, 25.96938775510204, 12.1, 0.0, 0.0, 13.633333333333333, 25.119047619047617, 1.9444444444444449, 5.78125, 32.330729166666664, 17.662037037037035, 0.0, 0.13333333333333333, 21.814595660749507, 44.07151095732411, 8.559670781893004, 3.7414965986394564, 31.777777777777782, 15.592286501377409, 0.0, 0.0, 26.944444444444446, 44.6875, 6.510416666666667, 12.0, 39.33127572016462, 74.18367346938776, 2.1296296296296298, 0.6666666666666666, 21.262327416173566, 38.16608996539794, 8.312757201646088, 3.401360544217687, 38.51851851851852, 14.738292011019286, 0.0, 0.0, 25.45454545454545, 29.46666666666668, 4.761904761904762, 8.88888888888889, 51.68396770472894, 20.769230769230774, 0.26666666666666666, 2.6851851851851847, 26.530612244897956, 39.115226337448554, 55.53333333333333, 6.822916666666667, 31.25, 23.657407407407405, 0.0, 0.0, 14.545454545454545, 36.87407407407407, 4.081632653061225, 8.230452674897117, 55.81314878892733, 21.61735700197239, 0.9333333333333333, 0.0, 21.342592592592595, 31.40625, 6.302083333333333, 3.2407407407407405, 29.030612244897952, 12.766666666666667, 3.3333333333333335, 0.0, 21.366666666666667, 24.948979591836736, 2.037037037037037, 7.65625, 32.434895833333336, 18.7037037037037, 0.0, 0.8, 21.282051282051285, 42.998846597462524, 8.971193415637858, 4.149659863945579, 29.170370370370367, 14.490358126721762, 0.0, 0.0, 19.23611111111111, 33.020833333333336, 8.489583333333334, 11.833333333333334, 38.909465020576135, 28.401360544217678, 2.037037037037037, 0.9333333333333333, 21.992110453648916, 37.7277970011534, 8.395061728395062, 4.965986394557825, 49.97037037037037, 15.3168044077135, 0.0, 0.0, 14.214876033057857, 29.777777777777775, 3.6054421768707487, 8.47736625514403, 38.78892733564013, 20.729783037475343, 0.8, 2.314814814814815, 26.224489795918366, 39.62962962962963, 13.533333333333333, 7.5, 31.380208333333332, 34.9537037037037, 0.0, 0.0, 14.517906336088155, 63.91111111111112, 4.761904761904761, 7.613168724279834, 38.765859284890425, 20.848126232741613, 5.066666666666666, 0.0, 25.50925925925926, 31.979166666666668, 6.197916666666667, 1.9444444444444444, 25.833333333333332, 11.633333333333333, 0.0, 0.0, 10.866666666666667, 27.363945578231288, 2.2222222222222223, 5.677083333333333, 62.9296875, 18.37962962962963, 0.0, 0.26666666666666666, 32.56410256410257, 38.82352941176471, 9.218106995884773, 3.4013605442176873, 29.096296296296295, 14.958677685950414, 0.0, 0.0, 21.944444444444446, 35.260416666666664, 6.666666666666667, 23.933333333333334, 44.197530864197525, 24.523809523809522, 2.2222222222222223, 0.9333333333333333, 21.518737672583825, 35.50173010380623, 12.67489711934156, 4.557823129251702, 28.2962962962963, 21.460055096418735, 0.0, 0.0, 18.429752066115707, 28.903703703703705, 5.238095238095239, 8.971193415637858, 35.94002306805076, 25.108481262327416, 0.5333333333333333, 2.037037037037037, 24.625850340136058, 40.93621399176954, 10.366666666666667, 5.885416666666667, 38.828125, 17.384259259259256, 0.0, 0.0, 15.234159779614327, 28.177777777777788, 3.197278911564626, 10.65843621399177, 59.22722029988465, 47.790927021696255, 0.8, 0.0, 17.89351851851852, 55.325520833333336, 6.09375, 2.12962962962963, 26.64965986394557, 10.6, 0.0, 0.0, 13.433333333333334, 25.119047619047617, 1.9444444444444449, 6.041666666666667, 31.575520833333332, 41.8287037037037, 0.20833333333333334, 0.9333333333333333, 21.775147928994084, 37.808535178777404, 8.600823045267488, 3.673469387755102, 31.748148148148143, 13.774104683195592, 0.0, 0.0, 22.500000000000004, 31.744791666666668, 6.510416666666667, 13.533333333333333, 43.559670781893004, 25.425170068027214, 1.4814814814814816, 0.13333333333333333, 21.06508875739645, 40.472895040369096, 8.353909465020575, 3.8095238095238093, 31.377777777777776, 15.151515151515154, 0.0, 0.0, 14.132231404958674, 38.666666666666664, 4.01360544217687, 8.353909465020575, 36.885813148788934, 21.4792899408284, 0.6666666666666666, 1.666666666666667, 29.421768707482986, 39.46502057613169, 11.866666666666667, 15.677083333333334, 50.0390625, 20.578703703703706, 0.0, 0.0, 14.79338842975207, 29.822222222222234, 4.081632653061225, 7.65432098765432, 52.929642445213375, 21.518737672583832, 0.6666666666666666, 0.0, 19.560185185185187, 45.182291666666664, 7.135416666666667, 2.407407407407407, 23.9795918367347, 12.633333333333333, 28.333333333333332, 0.0, 10.966666666666667, 26.224489795918366, 2.314814814814815, 6.145833333333333, 51.705729166666664, 17.361111111111107, 0.0, 0.8, 23.25443786982249, 37.174163783160324, 19.917695473251033, 4.285714285714286, 40.844444444444456, 18.01652892561984, 0.0, 0.0, 16.99074074074074, 48.528645833333336, 6.197916666666667, 12.0, 40.144032921810705, 25.714285714285715, 1.851851851851852, 0.6666666666666666, 65.24654832347139, 35.00576701268743, 8.683127572016462, 5.78231292517007, 29.2, 15.234159779614325, 2.9629629629629632, 0.0, 49.88980716253443, 28.592592592592595, 6.1224489795918355, 10.411522633744855,